0 106,21
100
162,79 200 316,09
300
528,15 1 106,58
101
163,88 201 318,28
301
529,98 2 106,94
102
164,98 202 320,10
302
531,80 3 106,94
103
165,71 203 322,29
303
533,63 4 107,31
104
166,80 204 324,48
304
535,45 5 107,67
105
167,90 205 326,67
305
537,28 6 108,04
106
168,99 206 328,50
306
539,10 7 108,40
107
169,72 207 330,69
307
540,56 8 108,77
108
170,82 208 332,88
308
542,39 9 108,77
109
171,91 209 335,07
309
544,21 10 109,13
110
173,01 210 337,26
310
546,04 11 109,50
111
174,10 211 339,45
311
547,86 12 109,86
112
175,20 212 341,27
312
549,32 13 110,23
113
176,29 213 343,46
313
551,15 14 110,59
114
177,39 214 345,65
314
552,61 15 110,96
115
178,48 215 347,84
315
554,43 16 111,32
116
179,58 216 350,03
316
556,26 17 111,69
117
180,67 217 352,22
317
557,72 18 112,05
118
182,13 218 354,41
318
559,54 19 112,42
119
183,23 219 356,60
319
561,00 20 112,78
120
184,32 220 358,79
320
562,83 21 113,15
121
185,42 221 360,98
321
564,29 22 113,51
122
186,51 222 363,17
322
565,75 23 113,88
123
187,97 223 365,36
323
567,57 24 114,24
124
189,07 224 367,55
324
569,03 25 114,61
125
190,16 225 369,74
325
570,49 26 114,97
126
191,62 226 371,93
326
571,95 27 115,34
127
192,72 227 374,12
327
573,78 28 115,70
128
194,18 228 376,31
328
575,24 29 116,07
129
195,27 229 378,50
329
576,70 30 116,80
130
196,73 230 380,69
330
578,16 31 117,16
131
197,83 231 382,88
331
579,62 32 117,53
132
199,29 232 385,07
332
581,08 33 117,89
133
200,75 233 387,63
333
582,54 34 118,26
134
201,84 234 389,82
334
584,00 35 118,62
135
203,30 235 392,01
335
585,46 36 119,35
136
204,76 236 394,20
336
586,92 37 119,72
137
206,22 237 396,39
337
588,38 38 120,08
138
207,32 238 398,58
338
589,84 39 120,45
139
208,78 239 400,77
339
590,93 40 121,18
140
210,24 240 402,96
340
592,39 41 121,54
141
211,70 241 405,15
341
593,85
42 121,91
142
213,16 242 407,34
342
595,31 43 122,64
143
214,62 243 409,53
343
596,41 44 123,00
144
216,08 244 412,08
344
597,87 45 123,37
145
217,54 245 414,27
345
599,33 46 124,10
146
219,00 246 416,46
346
600,42 47 124,46
147
220,46 247 418,65
347
601,88 48 125,19
148
221,92 248 420,84
348
602,98 49 125,56
149
223,38 249 423,03
349
604,44 50 126,29
150
225,20 250 425,22
350
605,53 51 126,65
151
226,66 251 427,41
351
606,99 52 127,38
152
228,12 252 429,60
352
608,09 53 127,75
153
229,58 253 431,79
353
609,18 54 128,48
154
231,41 254 433,98
354
610,64 55 128,84
155
232,87 255 436,17
355
611,74 56 129,57
156
234,33 256 438,36
356
612,83 57 129,94
157
236,15 257 440,55
357
613,93 58 130,67
158
237,61 258 442,74
358
615,02 59 131,40
159
239,44 259 444,93
359
616,48 60 131,76
160
240,90 260 447,12
360
617,58 61 132,49
161
242,72 261 449,31
361
618,67 62 133,22
162
244,55 262 451,50
362
619,77 63 133,59
163
246,01 263 453,69
363
620,86 64 134,32
164
247,83 264 455,88
364
621,96 65 135,05
165
249,29 265 457,71
365
623,05 66 135,78
166
251,12 266 459,90
366
624,15 67 136,14
167
252,94 267 462,09
367
625,24 68 136,87
168
254,77 268 464,28
368
626,34 69 137,60
169
256,59 269 466,47
369
627,43 70 138,33
170
258,05 270 468,66
370
628,16 71 139,06
171
259,88 271 470,48
371
629,26 72 139,79
172
261,70 272 472,67
372
630,35 73 140,52
173
263,53 273 474,86
373
631,45 74 141,25
174
265,35 274 477,05
374
632,18 75 141,98
175
267,18 275 478,88
375
633,27 76 142,71
176
269,00 276 481,07
376
634,37 77 143,44
177
270,83 277 483,26
377
635,10 78 144,17
178
272,65 278 485,08
378
636,19 79 144,90
179
274,48 279 487,27
379
636,92 80 145,63
180
276,67 280 489,10
380
638,02 81 146,36
181
278,49 281 491,29
381
639,11 82 147,09
182
280,32 282 493,11
382
639,84 83 147,82
183
282,14 283 495,30
383
640,57 84 148,92
184
283,97 284 497,49
384
641,67 85 149,65
185
286,16 285 499,32
385
642,40 86 150,38
186
287,98 286 501,14
386
643,49 87 151,11
187
289,81 287 503,33
387
644,22 88 152,20
188
292,00 288 505,16
388
644,95
89 152,93
189
293,82 289 507,35
389
646,05 90 153,66
190
296,01 290 509,17
390
646,78 91 154,76
191
297,84 291 511,00
391
647,51 92 155,49
192
299,66 292 513,19
392
648,24 93 156,58
193
301,85 293 515,01
393
649,33 94 157,31
194
304,04 294 516,84
394
650,06 95 158,04
195
305,87 295 518,66
395
650,79 96 159,14
196
308,06 296 520,49
396
651,52 97 160,23
197
309,88 297 522,68
397
652,25 98 160,96
198
312,07 298 524,50
398
652,98 99 162,06
199
313,90 299 526,33
399
653,71
400-
654,44